intrinsic:
960.1113535490259 0.0 408.85488163784123 
0.0 967.1248850964101 227.54053399820415 
0.0 0.0 1.0 
distortion:
-0.20350754738173754 0.4611939894554721 -0.0002933248611962285 -0.008635127024555817 -0.6116207227746956 
