intrinsic:
776.6989092398688 0.0 340.6482526003129 
0.0 779.9469542170312 221.71936342486583 
0.0 0.0 1.0 
distortion:
-0.07467756031886907 -1.292634248885437 0.001454149780114685 0.00033559729078372087 9.626495579502805 
